I0 = 13.7;
I = [13.7, 12.4, 11.0, 9.7, 8.9, 7.9, 7.1];
z = [0, 4, 8, 12, 16, 20, 24];

IoverIo = I / I0;
