d1 = 137
d2 = 132

d = 0.5*(d1+ d2)